  Summary of Regression Results   
==================================
Model:                         VAR
Method:                        OLS
Date:           Sun, 16, Nov, 2025
Time:                     22:14:06
--------------------------------------------------------------------
No. of Equations:         14.0000    BIC:                    20.9205
Nobs:                     77.0000    HQIC:                   17.0851
Log likelihood:          -1878.95    FPE:                2.18883e+06
AIC:                      14.5283    Det(Omega_mle):         181156.
--------------------------------------------------------------------
Results for equation Y_t
================================================================================
                   coefficient       std. error           t-stat            prob
--------------------------------------------------------------------------------
const                 1.411336         5.996645            0.235           0.814
L1.Y_t                0.042334         0.187924            0.225           0.822
L1.pi_t              -0.514206         0.445111           -1.155           0.248
L1.r_t               -0.056565         0.163326           -0.346           0.729
L1.PIE_t              0.197460         0.902969            0.219           0.827
L1.VIX_t             -0.047071         0.037305           -1.262           0.207
L1.HP_t               0.054182         0.091766            0.590           0.555
L1.REER_t            -0.012471         0.029866           -0.418           0.676
L1.CS_t               0.216867         0.508560            0.426           0.670
L1.G_t                0.058458         0.027464            2.129           0.033
L1.DSR_t             -0.092746         0.193068           -0.480           0.631
L1.TCCSLOAN_t         0.049042         0.192668            0.255           0.799
L1.TB_t              -0.000027         0.000021           -1.280           0.200
L1.PROFIT_t           0.023721         0.022489            1.055           0.292
L1.M_t                0.188345         0.144694            1.302           0.193
================================================================================

Results for equation pi_t
================================================================================
                   coefficient       std. error           t-stat            prob
--------------------------------------------------------------------------------
const                -5.604671         2.680423           -2.091           0.037
L1.Y_t                0.141028         0.083999            1.679           0.093
L1.pi_t               0.021276         0.198959            0.107           0.915
L1.r_t               -0.059369         0.073005           -0.813           0.416
L1.PIE_t              0.683620         0.403616            1.694           0.090
L1.VIX_t              0.016716         0.016675            1.002           0.316
L1.HP_t               0.025531         0.041018            0.622           0.534
L1.REER_t             0.024128         0.013350            1.807           0.071
L1.CS_t               0.108805         0.227320            0.479           0.632
L1.G_t                0.024122         0.012276            1.965           0.049
L1.DSR_t              0.111290         0.086299            1.290           0.197
L1.TCCSLOAN_t         0.191867         0.086120            2.228           0.026
L1.TB_t              -0.000000         0.000010           -0.036           0.972
L1.PROFIT_t           0.002909         0.010052            0.289           0.772
L1.M_t                0.099763         0.064676            1.542           0.123
================================================================================

Results for equation r_t
================================================================================
                   coefficient       std. error           t-stat            prob
--------------------------------------------------------------------------------
const                -5.834263         1.570669           -3.715           0.000
L1.Y_t                0.019872         0.049222            0.404           0.686
L1.pi_t              -0.429048         0.116586           -3.680           0.000
L1.r_t                0.847137         0.042779           19.803           0.000
L1.PIE_t              0.934500         0.236510            3.951           0.000
L1.VIX_t              0.009977         0.009771            1.021           0.307
L1.HP_t               0.013367         0.024036            0.556           0.578
L1.REER_t             0.030927         0.007823            3.954           0.000
L1.CS_t               0.119522         0.133204            0.897           0.370
L1.G_t                0.009261         0.007194            1.287           0.198
L1.DSR_t              0.087324         0.050569            1.727           0.084
L1.TCCSLOAN_t         0.093249         0.050464            1.848           0.065
L1.TB_t               0.000005         0.000006            0.913           0.361
L1.PROFIT_t           0.005509         0.005891            0.935           0.350
L1.M_t               -0.080116         0.037899           -2.114           0.035
================================================================================

Results for equation PIE_t
================================================================================
                   coefficient       std. error           t-stat            prob
--------------------------------------------------------------------------------
const                -0.911876         1.713140           -0.532           0.595
L1.Y_t                0.045172         0.053687            0.841           0.400
L1.pi_t              -0.268732         0.127161           -2.113           0.035
L1.r_t               -0.022991         0.046660           -0.493           0.622
L1.PIE_t              0.989048         0.257963            3.834           0.000
L1.VIX_t              0.014018         0.010657            1.315           0.188
L1.HP_t              -0.013470         0.026216           -0.514           0.607
L1.REER_t             0.007536         0.008532            0.883           0.377
L1.CS_t              -0.084555         0.145287           -0.582           0.561
L1.G_t                0.001925         0.007846            0.245           0.806
L1.DSR_t              0.007593         0.055156            0.138           0.891
L1.TCCSLOAN_t         0.082705         0.055042            1.503           0.133
L1.TB_t              -0.000000         0.000006           -0.039           0.969
L1.PROFIT_t           0.004901         0.006425            0.763           0.446
L1.M_t                0.043257         0.041337            1.046           0.295
================================================================================

Results for equation VIX_t
================================================================================
                   coefficient       std. error           t-stat            prob
--------------------------------------------------------------------------------
const                13.232716        24.418481            0.542           0.588
L1.Y_t               -0.352576         0.765230           -0.461           0.645
L1.pi_t               5.779849         1.812504            3.189           0.001
L1.r_t               -0.168288         0.665068           -0.253           0.800
L1.PIE_t             -3.733705         3.676913           -1.015           0.310
L1.VIX_t              0.465792         0.151906            3.066           0.002
L1.HP_t              -0.245577         0.373671           -0.657           0.511
L1.REER_t            -0.065041         0.121614           -0.535           0.593
L1.CS_t               0.167779         2.070870            0.081           0.935
L1.G_t               -0.132416         0.111834           -1.184           0.236
L1.DSR_t              0.397852         0.786180            0.506           0.613
L1.TCCSLOAN_t        -1.563733         0.784549           -1.993           0.046
L1.TB_t              -0.000077         0.000087           -0.878           0.380
L1.PROFIT_t          -0.145751         0.091577           -1.592           0.111
L1.M_t                0.553857         0.589197            0.940           0.347
================================================================================

Results for equation HP_t
================================================================================
                   coefficient       std. error           t-stat            prob
--------------------------------------------------------------------------------
const                -6.493273         7.891073           -0.823           0.411
L1.Y_t                0.053050         0.247292            0.215           0.830
L1.pi_t              -1.416688         0.585729           -2.419           0.016
L1.r_t               -0.296507         0.214923           -1.380           0.168
L1.PIE_t              3.064385         1.188231            2.579           0.010
L1.VIX_t             -0.073942         0.049090           -1.506           0.132
L1.HP_t               0.085922         0.120756            0.712           0.477
L1.REER_t             0.058649         0.039301            1.492           0.136
L1.CS_t               0.939440         0.669222            1.404           0.160
L1.G_t               -0.016317         0.036140           -0.451           0.652
L1.DSR_t             -0.362215         0.254062           -1.426           0.154
L1.TCCSLOAN_t        -0.001531         0.253535           -0.006           0.995
L1.TB_t               0.000008         0.000028            0.272           0.785
L1.PROFIT_t           0.046700         0.029594            1.578           0.115
L1.M_t                0.337045         0.190405            1.770           0.077
================================================================================

Results for equation REER_t
================================================================================
                   coefficient       std. error           t-stat            prob
--------------------------------------------------------------------------------
const                22.015907        12.592311            1.748           0.080
L1.Y_t               -0.541206         0.394620           -1.371           0.170
L1.pi_t               0.931576         0.934686            0.997           0.319
L1.r_t                0.069045         0.342967            0.201           0.840
L1.PIE_t             -1.293982         1.896139           -0.682           0.495
L1.VIX_t              0.036757         0.078336            0.469           0.639
L1.HP_t               0.125409         0.192698            0.651           0.515
L1.REER_t             0.905521         0.062715           14.439           0.000
L1.CS_t              -0.638800         1.067922           -0.598           0.550
L1.G_t               -0.067893         0.057672           -1.177           0.239
L1.DSR_t             -0.627000         0.405423           -1.547           0.122
L1.TCCSLOAN_t        -0.067915         0.404582           -0.168           0.867
L1.TB_t               0.000006         0.000045            0.138           0.890
L1.PROFIT_t          -0.038187         0.047225           -0.809           0.419
L1.M_t               -0.424902         0.303842           -1.398           0.162
================================================================================

Results for equation CS_t
================================================================================
                   coefficient       std. error           t-stat            prob
--------------------------------------------------------------------------------
const                 3.703313         1.724650            2.147           0.032
L1.Y_t               -0.060274         0.054047           -1.115           0.265
L1.pi_t               0.245643         0.128015            1.919           0.055
L1.r_t               -0.004065         0.046973           -0.087           0.931
L1.PIE_t             -0.432872         0.259696           -1.667           0.096
L1.VIX_t              0.002915         0.010729            0.272           0.786
L1.HP_t              -0.021388         0.026392           -0.810           0.418
L1.REER_t            -0.019869         0.008589           -2.313           0.021
L1.CS_t               0.655386         0.146263            4.481           0.000
L1.G_t               -0.007738         0.007899           -0.980           0.327
L1.DSR_t             -0.036285         0.055527           -0.653           0.513
L1.TCCSLOAN_t        -0.023537         0.055412           -0.425           0.671
L1.TB_t              -0.000008         0.000006           -1.365           0.172
L1.PROFIT_t          -0.006219         0.006468           -0.961           0.336
L1.M_t               -0.024796         0.041614           -0.596           0.551
================================================================================

Results for equation G_t
================================================================================
                   coefficient       std. error           t-stat            prob
--------------------------------------------------------------------------------
const                37.051971        36.861359            1.005           0.315
L1.Y_t               -3.427279         1.155167           -2.967           0.003
L1.pi_t               0.454467         2.736098            0.166           0.868
L1.r_t                0.413414         1.003965            0.412           0.680
L1.PIE_t             -1.514701         5.550550           -0.273           0.785
L1.VIX_t              0.587675         0.229313            2.563           0.010
L1.HP_t              -0.090331         0.564082           -0.160           0.873
L1.REER_t            -0.014413         0.183585           -0.079           0.937
L1.CS_t              -7.474796         3.126120           -2.391           0.017
L1.G_t               -0.587921         0.168822           -3.482           0.000
L1.DSR_t             -0.464067         1.186791           -0.391           0.696
L1.TCCSLOAN_t        -1.136876         1.184330           -0.960           0.337
L1.TB_t               0.000254         0.000132            1.924           0.054
L1.PROFIT_t          -0.047676         0.138242           -0.345           0.730
L1.M_t               -1.497502         0.889433           -1.684           0.092
================================================================================

Results for equation DSR_t
================================================================================
                   coefficient       std. error           t-stat            prob
--------------------------------------------------------------------------------
const                -1.988269         1.261485           -1.576           0.115
L1.Y_t                0.144897         0.039533            3.665           0.000
L1.pi_t               0.009412         0.093636            0.101           0.920
L1.r_t                0.033119         0.034358            0.964           0.335
L1.PIE_t              0.049568         0.189953            0.261           0.794
L1.VIX_t             -0.021860         0.007848           -2.785           0.005
L1.HP_t               0.036385         0.019304            1.885           0.059
L1.REER_t             0.003768         0.006283            0.600           0.549
L1.CS_t               0.329850         0.106983            3.083           0.002
L1.G_t                0.026866         0.005777            4.650           0.000
L1.DSR_t              1.026884         0.040615           25.283           0.000
L1.TCCSLOAN_t         0.060092         0.040531            1.483           0.138
L1.TB_t              -0.000008         0.000005           -1.818           0.069
L1.PROFIT_t          -0.003488         0.004731           -0.737           0.461
L1.M_t                0.023438         0.030439            0.770           0.441
================================================================================

Results for equation TCCSLOAN_t
================================================================================
                   coefficient       std. error           t-stat            prob
--------------------------------------------------------------------------------
const                 4.543341         3.547308            1.281           0.200
L1.Y_t                0.103052         0.111166            0.927           0.354
L1.pi_t               0.011927         0.263305            0.045           0.964
L1.r_t               -0.083465         0.096615           -0.864           0.388
L1.PIE_t             -0.030900         0.534150           -0.058           0.954
L1.VIX_t             -0.031253         0.022068           -1.416           0.157
L1.HP_t              -0.004302         0.054284           -0.079           0.937
L1.REER_t            -0.025207         0.017667           -1.427           0.154
L1.CS_t               0.020718         0.300838            0.069           0.945
L1.G_t                0.022129         0.016246            1.362           0.173
L1.DSR_t             -0.138161         0.114209           -1.210           0.226
L1.TCCSLOAN_t         0.420540         0.113973            3.690           0.000
L1.TB_t              -0.000018         0.000013           -1.421           0.155
L1.PROFIT_t          -0.005790         0.013304           -0.435           0.663
L1.M_t                0.067613         0.085593            0.790           0.430
================================================================================

Results for equation TB_t
================================================================================
                   coefficient       std. error           t-stat            prob
--------------------------------------------------------------------------------
const              1839.999019     40362.886956            0.046           0.964
L1.Y_t             -846.851544      1264.898039           -0.670           0.503
L1.pi_t           -1193.760215      2996.005087           -0.398           0.690
L1.r_t            -2137.688532      1099.333625           -1.945           0.052
L1.PIE_t         -13606.631625      6077.807271           -2.239           0.025
L1.VIX_t           -531.786303       251.096057           -2.118           0.034
L1.HP_t             736.522525       617.665576            1.192           0.233
L1.REER_t          -227.662078       201.023760           -1.133           0.257
L1.CS_t            3301.283268      3423.075727            0.964           0.335
L1.G_t              158.752507       184.858359            0.859           0.390
L1.DSR_t           1101.804575      1299.526987            0.848           0.397
L1.TCCSLOAN_t      1206.062069      1296.831797            0.930           0.352
L1.TB_t               0.180588         0.144480            1.250           0.211
L1.PROFIT_t          33.251717       151.373974            0.220           0.826
L1.M_t            -2711.224510       973.921774           -2.784           0.005
================================================================================

Results for equation PROFIT_t
================================================================================
                   coefficient       std. error           t-stat            prob
--------------------------------------------------------------------------------
const               -34.424244        36.425735           -0.945           0.345
L1.Y_t                1.479063         1.141515            1.296           0.195
L1.pi_t              -6.303168         2.703763           -2.331           0.020
L1.r_t               -0.292815         0.992100           -0.295           0.768
L1.PIE_t              5.071900         5.484955            0.925           0.355
L1.VIX_t              0.691992         0.226603            3.054           0.002
L1.HP_t               0.698177         0.557416            1.253           0.210
L1.REER_t             0.186927         0.181415            1.030           0.303
L1.CS_t              -1.459998         3.089176           -0.473           0.636
L1.G_t                0.346157         0.166827            2.075           0.038
L1.DSR_t              0.384244         1.172766            0.328           0.743
L1.TCCSLOAN_t         0.818803         1.170334            0.700           0.484
L1.TB_t               0.000134         0.000130            1.028           0.304
L1.PROFIT_t          -0.199316         0.136608           -1.459           0.145
L1.M_t                0.463486         0.878922            0.527           0.598
================================================================================

Results for equation M_t
================================================================================
                   coefficient       std. error           t-stat            prob
--------------------------------------------------------------------------------
const                12.938322         6.602300            1.960           0.050
L1.Y_t               -0.103972         0.206904           -0.503           0.615
L1.pi_t               0.795353         0.490067            1.623           0.105
L1.r_t                0.112287         0.179822            0.624           0.532
L1.PIE_t             -1.838331         0.994168           -1.849           0.064
L1.VIX_t              0.054769         0.041073            1.333           0.182
L1.HP_t               0.054129         0.101034            0.536           0.592
L1.REER_t            -0.045297         0.032882           -1.378           0.168
L1.CS_t              -1.119006         0.559925           -1.998           0.046
L1.G_t               -0.033321         0.030238           -1.102           0.270
L1.DSR_t             -0.157465         0.212568           -0.741           0.459
L1.TCCSLOAN_t        -0.120891         0.212127           -0.570           0.569
L1.TB_t               0.000012         0.000024            0.507           0.612
L1.PROFIT_t          -0.024477         0.024761           -0.989           0.323
L1.M_t                0.444512         0.159308            2.790           0.005
================================================================================

Correlation matrix of residuals
                   Y_t      pi_t       r_t     PIE_t     VIX_t      HP_t    REER_t      CS_t       G_t     DSR_t  TCCSLOAN_t      TB_t  PROFIT_t       M_t
Y_t           1.000000  0.358560  0.539253  0.369913 -0.421032 -0.161734 -0.352919 -0.436020 -0.676405  0.456386    0.276294  0.075967  0.479944 -0.847025
pi_t          0.358560  1.000000  0.176137  0.838026 -0.552114  0.155238 -0.511966 -0.673977 -0.152698  0.032424    0.287480 -0.279553  0.617039 -0.357330
r_t           0.539253  0.176137  1.000000  0.299015 -0.305458 -0.221434 -0.252191 -0.437711 -0.384462  0.256307    0.307278  0.211012  0.427604 -0.551898
PIE_t         0.369913  0.838026  0.299015  1.000000 -0.735771  0.203563 -0.540839 -0.848359 -0.046201 -0.092130    0.220634 -0.233881  0.770257 -0.298732
VIX_t        -0.421032 -0.552114 -0.305458 -0.735771  1.000000 -0.153817  0.531175  0.763632  0.060694  0.061690   -0.331367  0.028433 -0.675325  0.287286
HP_t         -0.161734  0.155238 -0.221434  0.203563 -0.153817  1.000000 -0.211517 -0.175172  0.270722 -0.200324   -0.104103  0.016839  0.295437  0.253199
REER_t       -0.352919 -0.511966 -0.252191 -0.540839  0.531175 -0.211517  1.000000  0.548559  0.015190  0.178100   -0.300128 -0.219484 -0.562786  0.183722
CS_t         -0.436020 -0.673977 -0.437711 -0.848359  0.763632 -0.175172  0.548559  1.000000  0.078488  0.125254   -0.248454  0.092885 -0.765987  0.336506
G_t          -0.676405 -0.152698 -0.384462 -0.046201  0.060694  0.270722  0.015190  0.078488  1.000000 -0.813210   -0.202973  0.034377 -0.149448  0.760813
DSR_t         0.456386  0.032424  0.256307 -0.092130  0.061690 -0.200324  0.178100  0.125254 -0.813210  1.000000    0.188848 -0.011264 -0.043832 -0.585442
TCCSLOAN_t    0.276294  0.287480  0.307278  0.220634 -0.331367 -0.104103 -0.300128 -0.248454 -0.202973  0.188848    1.000000  0.261306  0.122301 -0.354293
TB_t          0.075967 -0.279553  0.211012 -0.233881  0.028433  0.016839 -0.219484  0.092885  0.034377 -0.011264    0.261306  1.000000  0.072442  0.007515
PROFIT_t      0.479944  0.617039  0.427604  0.770257 -0.675325  0.295437 -0.562786 -0.765987 -0.149448 -0.043832    0.122301  0.072442  1.000000 -0.358150
M_t          -0.847025 -0.357330 -0.551898 -0.298732  0.287286  0.253199  0.183722  0.336506  0.760813 -0.585442   -0.354293  0.007515 -0.358150  1.000000



